<slot_toy_pairs.xml>
  <model>
    <name>	content/Hangars/h_newyear/customization/Installation/Sculpture/normal/lod0/NY21_Sculpture_05_04.model	</name>
    <node>
      <node>	HP_sculpture	</node>
      <object>	SnowSculpture	</object>
      <transform>
        <row0>	-1.082267 0.000001 0.000000	</row0>
        <row1>	0.000001 1.082266 0.000000	</row1>
        <row2>	0.000000 0.000000 -1.082267	</row2>
        <row3>	0.148941 -0.050326 -0.273476	</row3>
      </transform>
    </node>
  </model>
  <model>
    <name>	content/Hangars/h_newyear/customization/Fir/Top/normal/lod0/NY19_Top_02_03.model	</name>
    <node>
      <node>	HP_top	</node>
      <object>	ChristmasTree	</object>
      <transform>
        <row0>	2.038376 0.000000 0.295475	</row0>
        <row1>	0.000000 2.059680 0.000000	</row1>
        <row2>	-0.295475 0.000000 2.038376	</row2>
        <row3>	0.000000 0.079397 -0.000008	</row3>
      </transform>
    </node>
  </model>
  <model>
    <name>	content/Hangars/h_newyear/customization/Tableful/Kitchen/normal/lod0/NY21_Kitchen_05_05.model	</name>
    <node>
      <node>	HP_kitchen	</node>
      <object>	FieldKitchen	</object>
      <transform>
        <row0>	0.774852 0.000000 0.632086	</row0>
        <row1>	0.000000 1.000001 0.000000	</row1>
        <row2>	-0.632072 0.000000 0.774960	</row2>
        <row3>	0.484380 0.083817 -0.269557	</row3>
      </transform>
    </node>
  </model>
  <model>
    <name>	content/Hangars/h_newyear/customization/Tableful/Kitchen/normal/lod0/NY20_Kitchen_05_19.model	</name>
    <node>
      <node>	HP_kitchen	</node>
      <object>	FieldKitchen	</object>
      <transform>
        <row0>	0.763210 0.000000 0.646083	</row0>
        <row1>	0.000000 1.000001 0.000000	</row1>
        <row2>	-0.645980 0.000000 0.763413	</row2>
        <row3>	0.986410 0.045027 -0.210825	</row3>
      </transform>
    </node>
  </model>
  <model>
    <name>	content/Hangars/h_newyear/customization/Fir/Top/normal/lod0/NY19_Top_02_02.model	</name>
    <node>
      <node>	HP_top	</node>
      <object>	ChristmasTree	</object>
      <transform>
        <row0>	2.038381 0.000000 0.295476	</row0>
        <row1>	0.000000 2.059684 0.000000	</row1>
        <row2>	-0.295476 0.000000 2.038380	</row2>
        <row3>	0.000000 0.079394 -0.000008	</row3>
      </transform>
    </node>
  </model>
  <model>
    <name>	content/Hangars/h_newyear/customization/Fir/Top/normal/lod0/Top_05_27.model	</name>
    <node>
      <node>	HP_top	</node>
      <object>	ChristmasTree	</object>
      <transform>
        <row0>	2.193877 0.000000 0.308329	</row0>
        <row1>	0.000000 2.215440 0.000000	</row1>
        <row2>	-0.308329 0.000000 2.193877	</row2>
        <row3>	0.201567 -0.310932 0.020638	</row3>
      </transform>
    </node>
  </model>
  <model>
    <name>	content/Hangars/h_newyear/customization/Fir/Top/normal/lod0/NY20_Top_05_01.model	</name>
    <node>
      <node>	HP_top	</node>
      <object>	ChristmasTree	</object>
      <transform>
        <row0>	2.000000 0.000000 0.000000	</row0>
        <row1>	0.000000 2.000000 0.000000	</row1>
        <row2>	0.000000 0.000000 2.000000	</row2>
        <row3>	0.000000 0.061735 0.000000	</row3>
      </transform>
    </node>
  </model>
  <model>
    <name>	content/Hangars/h_newyear/customization/Fir/Top/normal/lod0/Top_04_07_yellow.model	</name>
    <node>
      <node>	HP_top	</node>
      <object>	ChristmasTree	</object>
      <transform>
        <row0>	1.577610 0.000000 0.000000	</row0>
        <row1>	0.000000 1.577610 0.000000	</row1>
        <row2>	0.000000 0.000000 1.577610	</row2>
        <row3>	-0.000004 0.282751 -0.000007	</row3>
      </transform>
    </node>
  </model>
  <model>
    <name>	content/Hangars/h_newyear/customization/Fir/Top/normal/lod0/Top_04_07_white.model	</name>
    <node>
      <node>	HP_top	</node>
      <object>	ChristmasTree	</object>
      <transform>
        <row0>	1.577615 0.000000 0.000000	</row0>
        <row1>	0.000000 1.577615 0.000000	</row1>
        <row2>	0.000000 0.000000 1.577615	</row2>
        <row3>	-0.000004 0.282751 -0.000007	</row3>
      </transform>
    </node>
  </model>
  <model>
    <name>	content/Hangars/h_newyear/customization/Tableful/Kitchen/normal/lod0/NY21_Kitchen_05_08.model	</name>
    <node>
      <node>	HP_kitchen	</node>
      <object>	FieldKitchen	</object>
      <transform>
        <row0>	0.349248 0.000000 0.937053	</row0>
        <row1>	0.000000 1.000000 0.000000	</row1>
        <row2>	-0.936882 0.000000 0.349583	</row2>
        <row3>	1.558187 0.050095 1.152226	</row3>
      </transform>
    </node>
  </model>
  <model>
    <name>	content/Hangars/h_newyear/customization/Fir/Top/normal/lod0/NY19_Top_05_10.model	</name>
    <node>
      <node>	HP_top	</node>
      <object>	ChristmasTree	</object>
      <transform>
        <row0>	1.982218 0.000000 0.266103	</row0>
        <row1>	0.000000 2.000000 0.000000	</row1>
        <row2>	-0.266103 0.000000 1.982218	</row2>
        <row3>	0.000001 0.144034 0.000000	</row3>
      </transform>
    </node>
  </model>
  <model>
    <name>	content/Hangars/h_newyear/customization/Fir/Top/normal/lod0/NY19_Top_04_08.model	</name>
    <node>
      <node>	HP_top	</node>
      <object>	ChristmasTree	</object>
      <transform>
        <row0>	2.000000 0.000000 0.000000	</row0>
        <row1>	0.000000 2.000000 0.000000	</row1>
        <row2>	0.000000 0.000000 2.000000	</row2>
        <row3>	0.119996 -0.271408 -0.038521	</row3>
      </transform>
    </node>
  </model>
  <model>
    <name>	content/Hangars/h_newyear/customization/Fir/Top/normal/lod0/NY19_Top_05_11.model	</name>
    <node>
      <node>	HP_top	</node>
      <object>	ChristmasTree	</object>
      <transform>
        <row0>	1.974761 0.000000 0.316735	</row0>
        <row1>	0.000000 2.000000 0.000000	</row1>
        <row2>	-0.316735 0.000000 1.974761	</row2>
        <row3>	0.000000 0.345806 0.000000	</row3>
      </transform>
    </node>
  </model>
  <model>
    <name>	content/Hangars/h_newyear/customization/Tableful/Tent/normal/lod0/NY21_Tent_05_06.model	</name>
    <node>
      <node>	HP_tent	</node>
      <object>	FieldKitchen	</object>
      <transform>
        <row0>	1.000000 0.000000 0.000000	</row0>
        <row1>	0.000000 1.000001 0.000000	</row1>
        <row2>	0.000000 0.000000 1.000001	</row2>
        <row3>	-0.000007 -0.743808 0.000000	</row3>
      </transform>
    </node>
  </model>
  <model>
    <name>	content/Hangars/h_newyear/customization/Fir/Top/normal/lod0/Top_01_28_coin.model	</name>
    <node>
      <node>	HP_top	</node>
      <object>	ChristmasTree	</object>
      <transform>
        <row0>	2.959002 0.000001 0.453906	</row0>
        <row1>	-0.000001 2.993612 0.000000	</row1>
        <row2>	-0.453909 0.000000 2.959002	</row2>
        <row3>	-0.000004 -0.222412 -0.000022	</row3>
      </transform>
    </node>
  </model>
  <model>
    <name>	content/Hangars/h_newyear/customization/Fir/Top/normal/lod0/NY19_Top_05_13.model	</name>
    <node>
      <node>	HP_top	</node>
      <object>	ChristmasTree	</object>
      <transform>
        <row0>	1.974761 0.000000 0.316735	</row0>
        <row1>	0.000000 2.000000 0.000000	</row1>
        <row2>	-0.316735 0.000000 1.974761	</row2>
        <row3>	-0.000001 0.289787 0.000001	</row3>
      </transform>
    </node>
  </model>
  <model>
    <name>	content/Hangars/h_newyear/customization/Fir/Floor/normal/lod0/NY21_Floor_05_02.model	</name>
    <node>
      <node>	HP_ground1	</node>
      <object>	ChristmasTree	</object>
      <transform>
        <row0>	0.707689 0.028783 0.106525	</row0>
        <row1>	-0.029547 0.715625 0.002932	</row1>
        <row2>	-0.106321 -0.007292 0.708268	</row2>
        <row3>	0.039452 0.018677 -0.158751	</row3>
      </transform>
    </node>
    <node>
      <node>	HP_ground2	</node>
      <object>	ChristmasTree	</object>
      <transform>
        <row0>	0.491976 0.006583 -0.491974	</row0>
        <row1>	-0.010908 0.695703 -0.001598	</row1>
        <row2>	0.491901 0.008842 0.492018	</row2>
        <row3>	-0.019677 -0.003254 0.255080	</row3>
      </transform>
    </node>
  </model>
  <model>
    <name>	content/Hangars/h_newyear/customization/Tableful/Kitchen/normal/lod0/NY21_Kitchen_05_03.model	</name>
    <node>
      <node>	HP_kitchen	</node>
      <object>	FieldKitchen	</object>
      <transform>
        <row0>	0.743300 0.000000 0.668911	</row0>
        <row1>	0.000000 1.000000 0.000000	</row1>
        <row2>	-0.668952 0.000000 0.743346	</row2>
        <row3>	1.030297 0.087002 -0.469282	</row3>
      </transform>
    </node>
  </model>
  <model>
    <name>	content/Hangars/h_newyear/customization/Fir/Top/normal/lod0/NY21_Top_05_01.model	</name>
    <node>
      <node>	HP_top	</node>
      <object>	ChristmasTree	</object>
      <transform>
        <row0>	1.320769 0.000000 0.211840	</row0>
        <row1>	0.000000 1.337650 0.000000	</row1>
        <row2>	-0.211840 0.000000 1.320769	</row2>
        <row3>	0.000000 0.000000 0.000000	</row3>
      </transform>
    </node>
  </model>
  <model>
    <name>	content/Hangars/h_newyear/customization/Fir/Floor/normal/lod0/NY19_Floor_04_05.model	</name>
    <node>
      <node>	HP_ground1	</node>
      <object>	ChristmasTree	</object>
      <transform>
        <row0>	0.866023 0.000000 -0.499991	</row0>
        <row1>	0.000000 0.999999 0.000000	</row1>
        <row2>	0.500005 0.000000 0.866022	</row2>
        <row3>	0.179787 0.000016 0.219327	</row3>
      </transform>
    </node>
    <node>
      <node>	HP_ground2	</node>
      <object>	ChristmasTree	</object>
      <transform>
        <row0>	0.000003 0.000002 -0.999987	</row0>
        <row1>	0.000000 1.000000 0.000001	</row1>
        <row2>	1.000014 0.000000 -0.000004	</row2>
        <row3>	0.198218 -0.017358 0.097522	</row3>
      </transform>
    </node>
  </model>
  <model>
    <name>	content/Hangars/h_newyear/customization/Fir/Top/normal/lod0/NY21_Top_05_02.model	</name>
    <node>
      <node>	HP_top	</node>
      <object>	ChristmasTree	</object>
      <transform>
        <row0>	1.320769 0.000000 0.211840	</row0>
        <row1>	0.000000 1.337650 0.000000	</row1>
        <row2>	-0.211840 0.000000 1.320769	</row2>
        <row3>	0.000000 0.000000 0.000000	</row3>
      </transform>
    </node>
  </model>
  <model>
    <name>	content/Hangars/h_newyear/customization/Fir/Floor/normal/lod0/NY20_Floor_05_00.model	</name>
    <node>
      <node>	HP_ground1	</node>
      <object>	ChristmasTree	</object>
      <transform>
        <row0>	0.000000 -0.000001 0.999985	</row0>
        <row1>	0.000001 0.999999 0.000001	</row1>
        <row2>	-1.000014 0.000002 0.000000	</row2>
        <row3>	-0.165683 -0.000004 -0.053486	</row3>
      </transform>
    </node>
    <node>
      <node>	HP_ground2	</node>
      <object>	ChristmasTree	</object>
      <transform>
        <row0>	0.866024 0.000000 0.499991	</row0>
        <row1>	0.000001 1.000000 0.000000	</row1>
        <row2>	-0.500009 0.000001 0.866027	</row2>
        <row3>	-0.284768 0.000005 0.318096	</row3>
      </transform>
    </node>
  </model>
  <model>
    <name>	content/Hangars/h_newyear/customization/Tableful/Kitchen/normal/lod0/NY19_Kitchen_05_20.model	</name>
    <node>
      <node>	HP_kitchen	</node>
      <object>	FieldKitchen	</object>
      <transform>
        <row0>	0.866126 0.000000 -0.500046	</row0>
        <row1>	0.000000 1.000000 0.000000	</row1>
        <row2>	0.499938 0.000000 0.865939	</row2>
        <row3>	-1.274945 0.082749 -0.952585	</row3>
      </transform>
    </node>
  </model>
  <model>
    <name>	content/Hangars/h_newyear/customization/Tableful/Kitchen/normal/lod0/NY21_Kitchen_05_01.model	</name>
    <node>
      <node>	HP_kitchen	</node>
      <object>	FieldKitchen	</object>
      <transform>
        <row0>	0.793846 0.000000 0.608043	</row0>
        <row1>	0.000000 1.000000 0.000000	</row1>
        <row2>	-0.607967 0.000000 0.794019	</row2>
        <row3>	0.966746 0.082370 -0.368737	</row3>
      </transform>
    </node>
  </model>
  <model>
    <name>	content/Hangars/h_newyear/customization/Fir/Top/normal/lod0/NY21_Top_05_03.model	</name>
    <node>
      <node>	HP_top	</node>
      <object>	ChristmasTree	</object>
      <transform>
        <row0>	0.000000 0.000003 -1.933118	</row0>
        <row1>	0.000001 1.933120 0.000003	</row1>
        <row2>	1.933120 -0.000001 0.000000	</row2>
        <row3>	-0.140774 -1.295731 -0.044960	</row3>
      </transform>
    </node>
  </model>
  <model>
    <name>	content/Hangars/h_newyear/customization/Fir/Top/normal/lod0/NY21_Top_05_05.model	</name>
    <node>
      <node>	HP_top	</node>
      <object>	ChristmasTree	</object>
      <transform>
        <row0>	0.599735 0.600397 1.236851	</row0>
        <row1>	-0.310477 1.373699 -0.516312	</row1>
        <row2>	-1.339379 -0.049570 0.673513	</row2>
        <row3>	0.176973 -0.283172 -0.200527	</row3>
      </transform>
    </node>
  </model>
  <model>
    <name>	content/Hangars/h_newyear/customization/Tableful/Kitchen/normal/lod0/NY21_Kitchen_05_07.model	</name>
    <node>
      <node>	HP_kitchen	</node>
      <object>	FieldKitchen	</object>
      <transform>
        <row0>	0.749743 0.000000 0.661662	</row0>
        <row1>	0.000000 1.000000 0.000000	</row1>
        <row2>	-0.661625 0.000000 0.749896	</row2>
        <row3>	1.066847 -0.032032 0.000868	</row3>
      </transform>
    </node>
  </model>
  <model>
    <name>	content/Hangars/h_newyear/customization/Tableful/Kitchen/normal/lod0/NY21_Kitchen_05_02.model	</name>
    <node>
      <node>	HP_kitchen	</node>
      <object>	FieldKitchen	</object>
      <transform>
        <row0>	0.743114 0.000000 0.669119	</row0>
        <row1>	0.000000 1.000000 -0.000001	</row1>
        <row2>	-0.668953 0.000000 0.743346	</row2>
        <row3>	1.027181 0.103156 -0.478783	</row3>
      </transform>
    </node>
  </model>
  <model>
    <name>	content/Hangars/h_newyear/customization/Tableful/Kitchen/normal/lod0/NY20_Kitchen_05_21.model	</name>
    <node>
      <node>	HP_kitchen	</node>
      <object>	FieldKitchen	</object>
      <transform>
        <row0>	0.787455 0.000000 0.616313	</row0>
        <row1>	0.000000 1.000000 0.000000	</row1>
        <row2>	-0.616360 0.000000 0.787515	</row2>
        <row3>	2.377375 0.104153 -0.358955	</row3>
      </transform>
    </node>
  </model>
  <model>
    <name>	content/Hangars/h_newyear/customization/Fir/Floor/normal/lod0/NY21_Floor_05_01.model	</name>
    <node>
      <node>	HP_ground1	</node>
      <object>	ChristmasTree	</object>
      <transform>
        <row0>	0.706780 0.015786 0.707247	</row0>
        <row1>	-0.030475 0.999503 0.008145	</row1>
        <row2>	-0.706788 -0.027308 0.706910	</row2>
        <row3>	0.163264 0.024601 -0.143941	</row3>
      </transform>
    </node>
    <node>
      <node>	HP_ground2	</node>
      <object>	ChristmasTree	</object>
      <transform>
        <row0>	0.499981 0.008847 -0.865983	</row0>
        <row1>	-0.015852 0.999874 0.001063	</row1>
        <row2>	0.865902 0.013194 0.500058	</row2>
        <row3>	-0.129642 -0.009569 0.105305	</row3>
      </transform>
    </node>
  </model>
  <model>
    <name>	content/Hangars/h_newyear/customization/Tableful/Kitchen/normal/lod0/NY21_Kitchen_05_04.model	</name>
    <node>
      <node>	HP_kitchen	</node>
      <object>	FieldKitchen	</object>
      <transform>
        <row0>	0.880929 0.000000 0.473234	</row0>
        <row1>	0.000000 1.000000 0.000000	</row1>
        <row2>	-0.473240 0.000000 0.880941	</row2>
        <row3>	1.536117 0.070975 -1.058406	</row3>
      </transform>
    </node>
  </model>
  <model>
    <name>	content/Hangars/h_newyear/customization/Fir/Top/normal/lod0/NY21_Top_05_06.model	</name>
    <node>
      <node>	HP_top	</node>
      <object>	ChristmasTree	</object>
      <transform>
        <row0>	1.300000 0.000000 0.000000	</row0>
        <row1>	0.000000 1.300000 0.000000	</row1>
        <row2>	0.000000 0.000000 1.300000	</row2>
        <row3>	0.000000 0.000002 0.000000	</row3>
      </transform>
    </node>
  </model>
  <model>
    <name>	content/Hangars/h_newyear/customization/Fir/Top/normal/lod0/NY21_Top_05_04.model	</name>
    <node>
      <node>	HP_top	</node>
      <object>	ChristmasTree	</object>
      <transform>
        <row0>	1.337650 0.000000 0.000000	</row0>
        <row1>	0.000000 1.337650 0.000000	</row1>
        <row2>	0.000000 0.000000 1.337650	</row2>
        <row3>	0.000000 0.000000 0.000000	</row3>
      </transform>
    </node>
  </model>
  <model>
    <name>	content/Hangars/h_newyear/customization/Tableful/Kitchen/normal/lod0/NY21_Kitchen_05_06.model	</name>
    <node>
      <node>	HP_kitchen	</node>
      <object>	FieldKitchen	</object>
      <transform>
        <row0>	0.285860 0.000000 0.958295	</row0>
        <row1>	0.000000 1.000000 0.000000	</row1>
        <row2>	-0.958144 0.000000 0.286206	</row2>
        <row3>	0.806441 0.090225 0.113091	</row3>
      </transform>
    </node>
  </model>
  <model>
    <name>	content/Hangars/h_newyear/customization/Fir/Floor/normal/lod0/NY21_Floor_05_04.model	</name>
    <node>
      <node>	HP_ground1	</node>
      <object>	ChristmasTree	</object>
      <transform>
        <row0>	0.810432 0.000000 -0.217152	</row0>
        <row1>	0.000000 0.839022 0.000000	</row1>
        <row2>	0.217158 0.000000 0.810433	</row2>
        <row3>	0.052124 0.000006 0.566191	</row3>
      </transform>
    </node>
    <node>
      <node>	HP_ground2	</node>
      <object>	ChristmasTree	</object>
      <transform>
        <row0>	0.605322 0.000000 -0.501081	</row0>
        <row1>	0.000000 0.785813 0.000001	</row1>
        <row2>	0.501094 0.000000 0.605318	</row2>
        <row3>	0.254076 -0.007619 0.539175	</row3>
      </transform>
    </node>
  </model>
  <model>
    <name>	content/Hangars/h_newyear/customization/Fir/Floor/normal/lod0/NY21_Floor_05_05.model	</name>
    <node>
      <node>	HP_ground1	</node>
      <object>	ChristmasTree	</object>
      <transform>
        <row0>	0.866025 0.000001 -0.499993	</row0>
        <row1>	-0.000001 1.000000 0.000000	</row1>
        <row2>	0.500007 0.000000 0.866026	</row2>
        <row3>	0.013767 0.000000 -0.008752	</row3>
      </transform>
    </node>
    <node>
      <node>	HP_ground2	</node>
      <object>	ChristmasTree	</object>
      <transform>
        <row0>	-0.031908 0.022420 -0.999226	</row0>
        <row1>	-0.036516 0.999055 0.023585	</row1>
        <row2>	0.998837 0.037236 -0.031067	</row2>
        <row3>	-0.075404 -0.001948 0.089371	</row3>
      </transform>
    </node>
  </model>
  <model>
    <name>	content/Hangars/h_newyear/customization/Fir/Floor/normal/lod0/NY21_Floor_05_08.model	</name>
    <node>
      <node>	HP_ground1	</node>
      <object>	ChristmasTree	</object>
      <transform>
        <row0>	-1.000000 0.000000 0.000000	</row0>
        <row1>	0.000000 1.000000 0.000002	</row1>
        <row2>	0.000000 0.000002 -1.000000	</row2>
        <row3>	0.039433 0.000001 -0.093594	</row3>
      </transform>
    </node>
    <node>
      <node>	HP_ground2	</node>
      <object>	ChristmasTree	</object>
      <transform>
        <row0>	-0.992353 0.000001 0.123438	</row0>
        <row1>	0.000001 1.000000 0.000001	</row1>
        <row2>	-0.123441 0.000001 -0.992352	</row2>
        <row3>	-0.129405 0.003242 0.200183	</row3>
      </transform>
    </node>
  </model>
  <model>
    <name>	content/Hangars/h_newyear/customization/Tableful/Tent/normal/lod0/NY21_Tent_05_01.model	</name>
    <node>
      <node>	HP_tent	</node>
      <object>	FieldKitchen	</object>
      <transform>
        <row0>	1.000000 0.000000 0.000000	</row0>
        <row1>	0.000000 1.000000 0.000000	</row1>
        <row2>	0.000000 0.000000 1.000000	</row2>
        <row3>	-0.000002 -0.086638 0.000000	</row3>
      </transform>
    </node>
  </model>
  <model>
    <name>	content/Hangars/h_newyear/customization/Fir/Top/normal/lod0/NY21_Top_05_08.model	</name>
    <node>
      <node>	HP_top	</node>
      <object>	ChristmasTree	</object>
      <transform>
        <row0>	1.477212 0.000000 0.260472	</row0>
        <row1>	0.000000 1.500000 0.000000	</row1>
        <row2>	-0.260472 0.000000 1.477212	</row2>
        <row3>	-0.000005 -0.349873 -0.000011	</row3>
      </transform>
    </node>
  </model>
  <model>
    <name>	content/Hangars/h_newyear/customization/Installation/Sculpture/normal/lod0/NY21_Sculpture_05_08.model	</name>
    <node>
      <node>	HP_sculpture	</node>
      <object>	SnowSculpture	</object>
      <transform>
        <row0>	1.367020 0.000000 -0.346165	</row0>
        <row1>	0.000000 1.410168 0.000000	</row1>
        <row2>	0.346166 0.000000 1.367020	</row2>
        <row3>	-0.000004 0.000002 -0.000008	</row3>
      </transform>
    </node>
  </model>
  <model>
    <name>	content/Hangars/h_newyear/customization/Fir/Floor/normal/lod0/NY21_Floor_05_06.model	</name>
    <node>
      <node>	HP_ground1	</node>
      <object>	ChristmasTree	</object>
      <transform>
        <row0>	0.999999 0.000000 0.000000	</row0>
        <row1>	0.000000 1.000000 0.000000	</row1>
        <row2>	0.000000 0.000000 1.000000	</row2>
        <row3>	0.000000 0.000000 -0.000008	</row3>
      </transform>
    </node>
    <node>
      <node>	HP_ground2	</node>
      <object>	ChristmasTree	</object>
      <transform>
        <row0>	0.866028 0.000000 -0.499995	</row0>
        <row1>	0.000000 1.000000 0.000000	</row1>
        <row2>	0.500006 0.000000 0.866024	</row2>
        <row3>	0.019720 0.000000 0.216598	</row3>
      </transform>
    </node>
  </model>
  <model>
    <name>	content/Hangars/h_newyear/customization/Installation/Sculpture/normal/lod0/NY20_Sculpture_05_20.model	</name>
    <node>
      <node>	HP_sculpture	</node>
      <object>	SnowSculpture	</object>
      <transform>
        <row0>	1.356565 0.000000 0.000000	</row0>
        <row1>	0.000000 1.356564 0.000000	</row1>
        <row2>	0.000000 0.000000 1.356565	</row2>
        <row3>	-0.000011 -0.048660 -0.000027	</row3>
      </transform>
    </node>
  </model>
  <model>
    <name>	content/Hangars/h_newyear/customization/Installation/Sculpture/normal/lod0/NY20_Sculpture_05_17.model	</name>
    <node>
      <node>	HP_sculpture	</node>
      <object>	SnowSculpture	</object>
      <transform>
        <row0>	1.261610 0.000000 0.000000	</row0>
        <row1>	0.000000 1.261610 0.000000	</row1>
        <row2>	0.000000 0.000000 1.261610	</row2>
        <row3>	0.289577 0.000002 0.000000	</row3>
      </transform>
    </node>
  </model>
  <model>
    <name>	content/Hangars/h_newyear/customization/Installation/Sculpture/normal/lod0/NY21_Sculpture_05_07.model	</name>
    <node>
      <node>	HP_sculpture	</node>
      <object>	SnowSculpture	</object>
      <transform>
        <row0>	-1.153831 0.000002 -0.030263	</row0>
        <row1>	0.000002 1.154227 0.000000	</row1>
        <row2>	0.030264 0.000000 -1.153832	</row2>
        <row3>	-0.128229 0.000008 -0.022129	</row3>
      </transform>
    </node>
  </model>
  <model>
    <name>	content/Hangars/h_newyear/customization/Fir/Floor/normal/lod0/NY20_Floor_05_03.model	</name>
    <node>
      <node>	HP_ground2	</node>
      <object>	ChristmasTree	</object>
      <transform>
        <row0>	0.759866 0.000000 -0.650075	</row0>
        <row1>	0.000000 1.000001 0.000000	</row1>
        <row2>	0.650090 0.000000 0.759863	</row2>
        <row3>	0.012108 -0.017245 0.120594	</row3>
      </transform>
    </node>
    <node>
      <node>	HP_ground1	</node>
      <object>	ChristmasTree	</object>
      <transform>
        <row0>	0.965926 0.000000 0.258815	</row0>
        <row1>	0.000000 1.000000 0.000000	</row1>
        <row2>	-0.258823 0.000000 0.965926	</row2>
        <row3>	-0.000001 0.000000 0.000001	</row3>
      </transform>
    </node>
  </model>
  <model>
    <name>	content/Hangars/h_newyear/customization/Fir/Floor/normal/lod0/NY19_Floor_03_03.model	</name>
    <node>
      <node>	HP_ground2	</node>
      <object>	ChristmasTree	</object>
      <transform>
        <row0>	0.865223 0.026986 -0.500657	</row0>
        <row1>	-0.041527 0.998977 -0.017911	</row1>
        <row2>	0.499673 0.036284 0.865456	</row2>
        <row3>	-0.053018 0.006674 0.215907	</row3>
      </transform>
    </node>
    <node>
      <node>	HP_ground1	</node>
      <object>	ChristmasTree	</object>
      <transform>
        <row0>	0.965448 0.031442 0.258687	</row0>
        <row1>	-0.029049 0.999491 -0.013085	</row1>
        <row2>	-0.258975 0.005118 0.965871	</row2>
        <row3>	-0.028682 0.023884 0.106500	</row3>
      </transform>
    </node>
  </model>
  <model>
    <name>	content/Hangars/h_newyear/customization/Fir/Floor/normal/lod0/NY19_Floor_04_06.model	</name>
    <node>
      <node>	HP_ground2	</node>
      <object>	ChristmasTree	</object>
      <transform>
        <row0>	-0.000003 0.000000 0.999989	</row0>
        <row1>	0.000001 1.000001 0.000000	</row1>
        <row2>	-1.000012 0.000001 0.000003	</row2>
        <row3>	0.000000 0.000000 0.126002	</row3>
      </transform>
    </node>
  </model>
  <model>
    <name>	content/Hangars/h_newyear/customization/Installation/Sculpture/normal/lod0/NY20_Sculpture_05_18.model	</name>
    <node>
      <node>	HP_sculpture	</node>
      <object>	SnowSculpture	</object>
      <transform>
        <row0>	1.140887 0.000000 -0.386016	</row0>
        <row1>	0.000000 1.204422 0.000000	</row1>
        <row2>	0.386016 0.000000 1.140887	</row2>
        <row3>	-0.000011 0.000004 -0.000027	</row3>
      </transform>
    </node>
  </model>
  <model>
    <name>	content/Hangars/h_newyear/customization/Tableful/Kitchen/normal/lod0/NY19_Kitchen_00.model	</name>
    <node>
      <node>	HP_kitchen	</node>
      <object>	FieldKitchen	</object>
      <transform>
        <row0>	1.000000 0.000000 0.000000	</row0>
        <row1>	0.000000 1.000000 0.000000	</row1>
        <row2>	0.000000 0.000000 1.000000	</row2>
        <row3>	-0.907059 0.080930 0.419835	</row3>
      </transform>
    </node>
  </model>
  <model>
    <name>	content/Hangars/h_newyear/customization/Installation/Megainstallation/normal/lod0/h_null_pyro_04.model	</name>
    <node>
      <node>	HP_pyro	</node>
      <object>	OuterTreesIllumination	</object>
      <transform>
        <row0>	1.620000 0.000000 0.000000	</row0>
        <row1>	0.000000 1.620000 0.000000	</row1>
        <row2>	0.000000 0.000000 1.620000	</row2>
        <row3>	2.116000 0.808000 -1.017000	</row3>
      </transform>
    </node>
    <node>
      <node>	HP_pyro	</node>
      <object>	SnowSculpture	</object>
      <transform>
        <row0>	0.992202 0.000000 0.124641	</row0>
        <row1>	0.000000 1.000000 0.000000	</row1>
        <row2>	-0.124641 0.000000 0.992202	</row2>
        <row3>	0.000000 0.000000 -3.877000	</row3>
      </transform>
    </node>
  </model>
  <model>
    <name>	content/Hangars/h_newyear/customization/Installation/Megainstallation/normal/lod0/h_null_pyro_05.model	</name>
    <node>
      <node>	HP_pyro	</node>
      <object>	OuterTreesIllumination	</object>
      <transform>
        <row0>	1.082863 0.000000 0.193412	</row0>
        <row1>	0.000000 1.100000 0.000000	</row1>
        <row2>	-0.193412 0.000000 1.082863	</row2>
        <row3>	2.115993 0.808001 -1.017004	</row3>
      </transform>
    </node>
    <node>
      <node>	HP_pyro	</node>
      <object>	SnowSculpture	</object>
      <transform>
        <row0>	0.992202 0.000000 0.124641	</row0>
        <row1>	0.000000 1.000000 0.000000	</row1>
        <row2>	-0.124641 0.000000 0.992202	</row2>
        <row3>	0.000000 0.000000 -3.877000	</row3>
      </transform>
    </node>
  </model>
  <model>
    <name>	content/Hangars/h_newyear/customization/Installation/Megainstallation/normal/lod0/h_null.model	</name>
    <node>
      <node>	HP_pyro	</node>
      <object>	OuterTreesIllumination	</object>
      <transform>
        <row0>	1.000000 0.000000 0.000000	</row0>
        <row1>	0.000000 1.000000 0.000000	</row1>
        <row2>	0.000000 0.000000 1.000000	</row2>
        <row3>	0.000000 0.000000 0.000000	</row3>
      </transform>
    </node>
  </model>
  <model>
    <name></name>
    <node>
      <node>	HP_mega_tabeful3	</node>
      <object>	FieldKitchen	</object>
      <transform>
        <row0>	1.000000 0.000000 0.000000	</row0>
        <row1>	0.000000 1.000000 0.000000	</row1>
        <row2>	0.000000 0.000000 1.000000	</row2>
        <row3>	0.000000 0.000000 0.000000	</row3>
      </transform>
    </node>
    <node>
      <node>	HP_kitchen	</node>
      <object>	FieldKitchen	</object>
      <transform>
        <row0>	0.967826 0.000000 -0.251619	</row0>
        <row1>	0.000000 1.000000 0.000000	</row1>
        <row2>	0.251619 0.000000 0.967826	</row2>
        <row3>	-1.555090 -0.000002 0.104787	</row3>
      </transform>
    </node>
    <node>
      <node>	HP_attraction	</node>
      <object>	FieldKitchen	</object>
      <transform>
        <row0>	1.000000 0.000000 0.000000	</row0>
        <row1>	0.000000 1.000000 0.000000	</row1>
        <row2>	0.000000 0.000000 1.000000	</row2>
        <row3>	0.000011 0.090351 0.000001	</row3>
      </transform>
    </node>
    <node>
      <node>	HP_pyro	</node>
      <object>	SnowSculpture	</object>
      <transform>
        <row0>	1.000000 0.000000 0.000000	</row0>
        <row1>	0.000000 1.000000 0.000000	</row1>
        <row2>	0.000000 0.000000 1.000000	</row2>
        <row3>	0.000000 0.000000 0.000000	</row3>
      </transform>
    </node>
  </model>
  <model>
    <name>	content/Hangars/h_newyear/customization/Fir/Floor/normal/lod0/Floor_03_35.model	</name>
    <node>
      <node>	HP_ground2	</node>
      <object>	ChristmasTree	</object>
      <transform>
        <row0>	0.866027 0.000000 -0.499994	</row0>
        <row1>	0.000000 1.000000 0.000000	</row1>
        <row2>	0.500006 0.000000 0.866024	</row2>
        <row3>	-0.113837 0.000000 0.122762	</row3>
      </transform>
    </node>
  </model>
  <model>
    <name>	content/Hangars/h_newyear/customization/Fir/Floor/normal/lod0/Floor_04_42.model	</name>
    <node>
      <node>	HP_ground2	</node>
      <object>	ChristmasTree	</object>
      <transform>
        <row0>	0.707109 0.000001 -0.707099	</row0>
        <row1>	0.000000 1.000000 0.000001	</row1>
        <row2>	0.707115 0.000000 0.707105	</row2>
        <row3>	0.000000 0.000000 0.000000	</row3>
      </transform>
    </node>
    <node>
      <node>	HP_ground1	</node>
      <object>	ChristmasTree	</object>
      <transform>
        <row0>	0.866026 -0.000001 0.499993	</row0>
        <row1>	0.000001 1.000000 0.000000	</row1>
        <row2>	-0.500007 0.000000 0.866025	</row2>
        <row3>	-0.000002 -0.000001 0.000001	</row3>
      </transform>
    </node>
  </model>
  <model>
    <name>	content/Hangars/h_newyear/customization/Fir/Floor/normal/lod0/NY19_Floor_04_04.model	</name>
    <node>
      <node>	HP_ground2	</node>
      <object>	ChristmasTree	</object>
      <transform>
        <row0>	0.865933 0.014655 -0.499942	</row0>
        <row1>	-0.012694 0.999893 0.007329	</row1>
        <row2>	0.500008 0.000000 0.866023	</row2>
        <row3>	-0.058589 -0.000965 0.132603	</row3>
      </transform>
    </node>
    <node>
      <node>	HP_ground1	</node>
      <object>	ChristmasTree	</object>
      <transform>
        <row0>	0.965926 0.000000 0.258815	</row0>
        <row1>	0.000000 1.000000 0.000000	</row1>
        <row2>	-0.258823 0.000000 0.965926	</row2>
        <row3>	-0.000001 0.000000 0.000001	</row3>
      </transform>
    </node>
  </model>
  <model>
    <name>	content/Hangars/h_newyear/customization/Fir/Floor/normal/lod0/NY19_Floor_05_10.model	</name>
    <node>
      <node>	HP_ground2	</node>
      <object>	ChristmasTree	</object>
      <transform>
        <row0>	0.706990 0.018342 -0.706980	</row0>
        <row1>	-0.012971 0.999832 0.012972	</row1>
        <row2>	0.707115 -0.000001 0.707105	</row2>
        <row3>	-0.076371 -0.008780 0.044094	</row3>
      </transform>
    </node>
    <node>
      <node>	HP_ground1	</node>
      <object>	ChristmasTree	</object>
      <transform>
        <row0>	0.866026 -0.000001 0.499993	</row0>
        <row1>	0.000001 1.000000 0.000000	</row1>
        <row2>	-0.500007 0.000000 0.866025	</row2>
        <row3>	-0.000002 -0.000001 0.000001	</row3>
      </transform>
    </node>
  </model>
  <model>
    <name>	content/Hangars/h_newyear/customization/Fir/Floor/normal/lod0/NY21_Floor_05_03.model	</name>
    <node>
      <node>	HP_ground2	</node>
      <object>	ChristmasTree	</object>
      <transform>
        <row0>	0.499945 0.015480 -0.865910	</row0>
        <row1>	-0.007738 0.999880 0.013409	</row1>
        <row2>	0.866034 -0.000003 0.500000	</row2>
        <row3>	0.023237 -0.007128 0.331517	</row3>
      </transform>
    </node>
    <node>
      <node>	HP_ground1	</node>
      <object>	ChristmasTree	</object>
      <transform>
        <row0>	0.965666 0.023177 0.258746	</row0>
        <row1>	-0.022391 0.999731 -0.005999	</row1>
        <row2>	-0.258823 -0.000001 0.965925	</row2>
        <row3>	-0.000346 0.015345 -0.000093	</row3>
      </transform>
    </node>
  </model>
  <model>
    <name>	content/Hangars/h_newyear/customization/Tableful/Tent/normal/lod0/NY21_Tent_05_07.model	</name>
    <node>
      <node>	HP_tent	</node>
      <object>	FieldKitchen	</object>
      <transform>
        <row0>	1.000000 0.000000 0.000000	</row0>
        <row1>	0.000000 1.000001 0.000000	</row1>
        <row2>	0.000000 0.000000 1.000000	</row2>
        <row3>	0.000004 0.024142 0.569911	</row3>
      </transform>
    </node>
  </model>
  <model>
    <name>	content/Hangars/h_newyear/customization/Tableful/Tent/normal/lod0/NY21_Tent_05_02.model	</name>
    <node>
      <node>	HP_tent	</node>
      <object>	FieldKitchen	</object>
      <transform>
        <row0>	1.000000 0.000000 0.000000	</row0>
        <row1>	0.000000 1.000000 0.000000	</row1>
        <row2>	0.000000 0.000000 1.000000	</row2>
        <row3>	0.000002 -0.005492 0.018647	</row3>
      </transform>
    </node>
  </model>
  <model>
    <name>	content/Hangars/h_newyear/customization/Tableful/Tent/normal/lod0/NY20_Tent_05_19.model	</name>
    <node>
      <node>	HP_tent	</node>
      <object>	FieldKitchen	</object>
      <transform>
        <row0>	1.000000 0.000000 0.000000	</row0>
        <row1>	0.000000 1.000000 0.000000	</row1>
        <row2>	0.000000 0.000000 1.000000	</row2>
        <row3>	-0.028306 0.000001 -0.000001	</row3>
      </transform>
    </node>
  </model>
  <model>
    <name>	content/Hangars/h_newyear/customization/Tableful/Tent/normal/lod0/NY20_Tent_05_18.model	</name>
    <node>
      <node>	HP_tent	</node>
      <object>	FieldKitchen	</object>
      <transform>
        <row0>	1.000000 0.000000 0.000000	</row0>
        <row1>	0.000000 1.000000 0.000000	</row1>
        <row2>	0.000000 0.000000 1.000000	</row2>
        <row3>	0.000001 0.071506 -0.000001	</row3>
      </transform>
    </node>
  </model>
  <model>
    <name>	content/Hangars/h_newyear/customization/Tableful/Tent/normal/lod0/NY20_Tent_05_17.model	</name>
    <node>
      <node>	HP_tent	</node>
      <object>	FieldKitchen	</object>
      <transform>
        <row0>	1.000000 0.000000 0.000000	</row0>
        <row1>	0.000000 1.000000 0.000000	</row1>
        <row2>	0.000000 0.000000 1.000000	</row2>
        <row3>	0.000001 0.067728 0.000000	</row3>
      </transform>
    </node>
  </model>
  <model>
    <name>	content/Hangars/h_newyear/customization/Tableful/Tent/normal/lod0/NY21_Tent_05_08.model	</name>
    <node>
      <node>	HP_tent	</node>
      <object>	FieldKitchen	</object>
      <transform>
        <row0>	1.000000 0.000000 0.000000	</row0>
        <row1>	0.000000 1.000000 0.000000	</row1>
        <row2>	0.000000 0.000000 1.000000	</row2>
        <row3>	0.279705 0.079747 0.000000	</row3>
      </transform>
    </node>
  </model>
  <model>
    <name>	content/Hangars/h_newyear/customization/Tableful/Tent/normal/lod0/NY21_Tent_05_04.model	</name>
    <node>
      <node>	HP_tent	</node>
      <object>	FieldKitchen	</object>
      <transform>
        <row0>	1.000000 0.000000 0.000000	</row0>
        <row1>	0.000000 1.000000 0.000000	</row1>
        <row2>	0.000000 0.000000 1.000000	</row2>
        <row3>	0.000001 0.125225 0.000000	</row3>
      </transform>
    </node>
  </model>
  <model>
    <name>	content/Hangars/h_newyear/customization/Tableful/Tent/normal/lod0/NY21_Tent_05_03.model	</name>
    <node>
      <node>	HP_tent	</node>
      <object>	FieldKitchen	</object>
      <transform>
        <row0>	1.000000 0.000000 0.000000	</row0>
        <row1>	0.000000 1.000000 0.000000	</row1>
        <row2>	0.000000 0.000000 1.000000	</row2>
        <row3>	0.000001 0.000001 0.000000	</row3>
      </transform>
    </node>
  </model>
  <model>
    <name>	content/Hangars/h_newyear/customization/Tableful/Kitchen/normal/lod0/NY22_Kitchen_01.model	</name>
    <node>
      <node>	HP_kitchen	</node>
      <object>	FieldKitchen	</object>
      <transform>
        <row0>	0.966493 0.000000 -0.256689	</row0>
        <row1>	0.000000 1.000001 0.000000	</row1>
        <row2>	0.256694 0.000000 0.966493	</row2>
        <row3>	-0.751166 0.072630 0.857657	</row3>
      </transform>
    </node>
  </model>
  <model>
    <name>	content/Hangars/h_newyear/customization/Tableful/Kitchen/normal/lod0/NY22_Kitchen_02.model	</name>
    <node>
      <node>	HP_kitchen	</node>
      <object>	FieldKitchen	</object>
      <transform>
        <row0>	0.969809 0.000000 -0.243863	</row0>
        <row1>	0.000000 1.000001 0.000000	</row1>
        <row2>	0.243867 0.000000 0.969809	</row2>
        <row3>	-1.121211 0.070655 0.545465	</row3>
      </transform>
    </node>
  </model>
  <model>
    <name>	content/Hangars/h_newyear/customization/Tableful/Kitchen/normal/lod0/NY22_Kitchen_03.model	</name>
    <node>
      <node>	HP_kitchen	</node>
      <object>	FieldKitchen	</object>
      <transform>
        <row0>	0.974478 0.000000 -0.224479	</row0>
        <row1>	0.000000 1.000000 0.000000	</row1>
        <row2>	0.224483 0.000000 0.974478	</row2>
        <row3>	-1.176837 0.082942 0.518064	</row3>
      </transform>
    </node>
  </model>
  <model>
    <name>	content/Hangars/h_newyear/customization/Tableful/Kitchen/normal/lod0/NY22_Kitchen_04.model	</name>
    <node>
      <node>	HP_kitchen	</node>
      <object>	FieldKitchen	</object>
      <transform>
        <row0>	0.951725 0.000001 -0.306947	</row0>
        <row1>	-0.000001 0.999999 0.000000	</row1>
        <row2>	0.306953 0.000000 0.951725	</row2>
        <row3>	-1.121074 0.119089 0.349082	</row3>
      </transform>
    </node>
  </model>
  <model>
    <name>	content/Hangars/h_newyear/customization/Installation/Sculpture/normal/lod0/NY22_Sculpture_08.model	</name>
    <node>
      <node>	HP_sculpture	</node>
      <object>	SnowSculpture	</object>
      <transform>
        <row0>	0.000000 0.000000 1.249999	</row0>
        <row1>	0.000000 1.250001 0.000000	</row1>
        <row2>	-1.250001 0.000000 0.000000	</row2>
        <row3>	-0.000006 -0.592002 -0.000008	</row3>
      </transform>
    </node>
  </model>
  <model>
    <name>	content/Hangars/h_newyear/customization/Installation/Sculpture/normal/lod0/NY22_Sculpture_07.model	</name>
    <node>
      <node>	HP_sculpture	</node>
      <object>	SnowSculpture	</object>
      <transform>
        <row0>	0.000000 0.000000 1.475935	</row0>
        <row1>	0.000000 1.475937 0.000000	</row1>
        <row2>	-1.475938 0.000000 0.000000	</row2>
        <row3>	-0.000008 -0.121264 -0.652996	</row3>
      </transform>
    </node>
  </model>
  <model>
    <name>	content/Hangars/h_newyear/customization/Installation/Sculpture/normal/lod0/NY22_Sculpture_06.model	</name>
    <node>
      <node>	HP_sculpture	</node>
      <object>	SnowSculpture	</object>
      <transform>
        <row0>	1.204661 0.019454 0.000000	</row0>
        <row1>	-0.019455 1.204661 0.000080	</row1>
        <row2>	0.000001 -0.000080 1.204818	</row2>
        <row3>	0.000965 -0.059992 -1.081711	</row3>
      </transform>
    </node>
  </model>
  <model>
