<slot_toy_pairs.xml>
  <model>
    <name>	content/Hangars/h_newyear/customization/Tableful/Kitchen/normal/lod0/NY19_Kitchen_03_11.model	</name>
    <node>
      <node>	HP_kitchen	</node>
      <object>	FieldKitchen	</object>
      <transform>
        <row0>	1.000000 0.000000 0.000000	</row0>
        <row1>	0.000000 1.000000 0.000000	</row1>
        <row2>	0.000000 0.000000 1.000000	</row2>
        <row3>	-0.606068 0.000001 0.371778	</row3>
      </transform>
    </node>
  </model>
  <model>
    <name>	content/Hangars/h_newyear/customization/Installation/Sculpture/normal/lod0/NY21_Sculpture_05_04.model	</name>
    <node>
      <node>	HP_sculpture	</node>
      <object>	SnowSculpture	</object>
      <transform>
        <row0>	-0.970488 0.000001 0.000000	</row0>
        <row1>	0.000001 0.970487 0.000000	</row1>
        <row2>	0.000000 0.000000 -0.970488	</row2>
        <row3>	0.148947 0.000000 -0.273453	</row3>
      </transform>
    </node>
  </model>
  <model>
    <name>	content/Hangars/h_newyear/customization/Fir/Top/normal/lod0/NY19_Top_02_03.model	</name>
    <node>
      <node>	HP_top	</node>
      <object>	ChristmasTree	</object>
      <transform>
        <row0>	2.059680 0.000000 0.000000	</row0>
        <row1>	0.000000 2.059680 0.000000	</row1>
        <row2>	0.000000 0.000000 2.059680	</row2>
        <row3>	-0.000001 0.079399 -0.000007	</row3>
      </transform>
    </node>
  </model>
  <model>
    <name>	content/Hangars/h_newyear/customization/Tableful/Kitchen/normal/lod0/NY21_Kitchen_05_05.model	</name>
    <node>
      <node>	HP_kitchen	</node>
      <object>	FieldKitchen	</object>
      <transform>
        <row0>	0.966827 0.000000 0.255303	</row0>
        <row1>	0.000000 1.000001 0.000000	</row1>
        <row2>	-0.255240 0.000000 0.966915	</row2>
        <row3>	0.581505 0.083819 -0.754038	</row3>
      </transform>
    </node>
  </model>
  <model>
    <name>	content/Hangars/h_newyear/customization/Fir/Top/normal/lod0/NY21_Top_05_07.model	</name>
    <node>
      <node>	HP_top	</node>
      <object>	ChristmasTree	</object>
      <transform>
        <row0>	0.776825 0.000000 0.000000	</row0>
        <row1>	0.000000 0.776825 0.000000	</row1>
        <row2>	0.000000 0.000000 0.776825	</row2>
        <row3>	-0.000002 -0.346531 0.000012	</row3>
      </transform>
    </node>
  </model>
  <model>
    <name>	content/Hangars/h_newyear/customization/Fir/Floor/normal/lod0/Floor_02_07.model	</name>
    <node>
      <node>	HP_ground1	</node>
      <object>	ChristmasTree	</object>
      <transform>
        <row0>	0.258819 0.000001 -0.965911	</row0>
        <row1>	-0.000001 0.999999 0.000001	</row1>
        <row2>	0.965940 0.000001 0.258820	</row2>
        <row3>	-0.120940 0.000000 -0.119547	</row3>
      </transform>
    </node>
    <node>
      <node>	HP_ground2	</node>
      <object>	ChristmasTree	</object>
      <transform>
        <row0>	0.339045 0.024669 -0.940437	</row0>
        <row1>	-0.008367 0.999697 0.023210	</row1>
        <row2>	0.940745 0.000000 0.339143	</row2>
        <row3>	-0.400691 0.002573 -0.029543	</row3>
      </transform>
    </node>
  </model>
  <model>
    <name>	content/Hangars/h_newyear/customization/Tableful/Table/normal/lod0/NY21_Table_05_03.model	</name>
    <node>
      <node>	HP_table	</node>
      <object>	FieldKitchen	</object>
      <transform>
        <row0>	1.000000 0.000000 0.000000	</row0>
        <row1>	0.000000 1.000000 0.000000	</row1>
        <row2>	0.000000 0.000000 1.000000	</row2>
        <row3>	-0.005410 0.012950 0.007281	</row3>
      </transform>
    </node>
  </model>
  <model>
    <name>	content/Hangars/h_newyear/customization/Tableful/Kitchen/normal/lod0/NY20_Kitchen_04_16.model	</name>
    <node>
      <node>	HP_kitchen	</node>
      <object>	FieldKitchen	</object>
      <transform>
        <row0>	0.897446 0.000000 0.441024	</row0>
        <row1>	0.000000 1.000000 0.000000	</row1>
        <row2>	-0.441061 0.000000 0.897521	</row2>
        <row3>	2.465460 0.046545 -0.734292	</row3>
      </transform>
    </node>
  </model>
  <model>
    <name>	content/Hangars/h_newyear/customization/Tableful/Kitchen/normal/lod0/NY20_Kitchen_05_19.model	</name>
    <node>
      <node>	HP_kitchen	</node>
      <object>	FieldKitchen	</object>
      <transform>
        <row0>	0.845082 0.000000 0.534558	</row0>
        <row1>	0.000000 1.000001 0.000000	</row1>
        <row2>	-0.534426 0.000000 0.845267	</row2>
        <row3>	0.914501 0.045027 -0.335011	</row3>
      </transform>
    </node>
  </model>
  <model>
    <name>	content/Hangars/h_newyear/customization/Fir/Top/normal/lod0/NY19_Top_02_04.model	</name>
    <node>
      <node>	HP_top	</node>
      <object>	ChristmasTree	</object>
      <transform>
        <row0>	2.058586 0.000001 -0.067121	</row0>
        <row1>	-0.000001 2.059678 0.000002	</row1>
        <row2>	0.067121 -0.000002 2.058586	</row2>
        <row3>	-0.009553 0.070913 -0.000049	</row3>
      </transform>
    </node>
  </model>
  <model>
    <name>	content/Hangars/h_newyear/customization/Tableful/Kitchen/normal/lod0/NY20_Kitchen_04_15.model	</name>
    <node>
      <node>	HP_kitchen	</node>
      <object>	FieldKitchen	</object>
      <transform>
        <row0>	0.845192 0.000000 0.534378	</row0>
        <row1>	0.000000 1.000000 0.000000	</row1>
        <row2>	-0.534424 0.000000 0.845264	</row2>
        <row3>	0.914501 0.045027 -0.335011	</row3>
      </transform>
    </node>
  </model>
  <model>
    <name>	content/Hangars/h_newyear/customization/Tableful/Kitchen/normal/lod0/NY19_Kitchen_03_10.model	</name>
    <node>
      <node>	HP_kitchen	</node>
      <object>	FieldKitchen	</object>
      <transform>
        <row0>	0.606675 0.000000 -0.795151	</row0>
        <row1>	0.000000 1.000000 0.000000	</row1>
        <row2>	0.794895 0.000000 0.606480	</row2>
        <row3>	-1.310510 -0.000001 -0.563271	</row3>
      </transform>
    </node>
  </model>
  <model>
    <name>	content/Hangars/h_newyear/customization/Fir/Top/normal/lod0/Top_03_14.model	</name>
    <node>
      <node>	HP_top	</node>
      <object>	ChristmasTree	</object>
      <transform>
        <row0>	2.059680 0.000000 0.000000	</row0>
        <row1>	0.000000 2.059680 0.000000	</row1>
        <row2>	0.000000 0.000000 2.059680	</row2>
        <row3>	-0.000001 0.079399 -0.000007	</row3>
      </transform>
    </node>
  </model>
  <model>
    <name>	content/Hangars/h_newyear/customization/Fir/Top/normal/lod0/NY19_Top_02_02.model	</name>
    <node>
      <node>	HP_top	</node>
      <object>	ChristmasTree	</object>
      <transform>
        <row0>	2.059685 0.000000 0.000000	</row0>
        <row1>	0.000000 2.059684 0.000000	</row1>
        <row2>	0.000000 0.000000 2.059684	</row2>
        <row3>	-0.000001 0.079399 -0.000007	</row3>
      </transform>
    </node>
  </model>
  <model>
    <name>	content/Hangars/h_newyear/customization/Fir/Top/normal/lod0/Top_05_27.model	</name>
    <node>
      <node>	HP_top	</node>
      <object>	ChristmasTree	</object>
      <transform>
        <row0>	2.215438 0.000000 0.000000	</row0>
        <row1>	0.000000 2.215440 0.000000	</row1>
        <row2>	0.000000 0.000000 2.215438	</row2>
        <row3>	0.201567 -0.310932 0.020638	</row3>
      </transform>
    </node>
  </model>
  <model>
    <name>	content/Hangars/h_newyear/customization/Fir/Top/normal/lod0/NY20_Top_05_01.model	</name>
    <node>
      <node>	HP_top	</node>
      <object>	ChristmasTree	</object>
      <transform>
        <row0>	2.000000 0.000000 0.000000	</row0>
        <row1>	0.000000 2.000000 0.000000	</row1>
        <row2>	0.000000 0.000000 2.000000	</row2>
        <row3>	0.000000 0.112526 0.000001	</row3>
      </transform>
    </node>
  </model>
  <model>
    <name>	content/Hangars/h_newyear/customization/Fir/Top/normal/lod0/NY19_Top_04_06.model	</name>
    <node>
      <node>	HP_top	</node>
      <object>	ChristmasTree	</object>
      <transform>
        <row0>	2.000000 0.000000 0.000000	</row0>
        <row1>	0.000000 2.000000 0.000000	</row1>
        <row2>	0.000000 0.000000 2.000000	</row2>
        <row3>	0.000000 0.000000 0.000000	</row3>
      </transform>
    </node>
  </model>
  <model>
    <name>	content/Hangars/h_newyear/customization/Fir/Top/normal/lod0/Top_02_04_white.model	</name>
    <node>
      <node>	HP_top	</node>
      <object>	ChristmasTree	</object>
      <transform>
        <row0>	2.000000 0.000000 0.000000	</row0>
        <row1>	0.000000 2.000000 0.000000	</row1>
        <row2>	0.000000 0.000000 2.000000	</row2>
        <row3>	-0.000004 0.282749 -0.000011	</row3>
      </transform>
    </node>
  </model>
  <model>
    <name>	content/Hangars/h_newyear/customization/Fir/Top/normal/lod0/NY19_Top_01_01.model	</name>
    <node>
      <node>	HP_top	</node>
      <object>	ChristmasTree	</object>
      <transform>
        <row0>	2.000000 0.000000 0.000000	</row0>
        <row1>	0.000000 2.000000 0.000000	</row1>
        <row2>	0.000000 0.000000 2.000000	</row2>
        <row3>	-0.000004 0.282749 -0.000011	</row3>
      </transform>
    </node>
  </model>
  <model>
    <name>	content/Hangars/h_newyear/customization/Fir/Top/normal/lod0/Top_04_07_yellow.model	</name>
    <node>
      <node>	HP_top	</node>
      <object>	ChristmasTree	</object>
      <transform>
        <row0>	2.000000 0.000000 0.000000	</row0>
        <row1>	0.000000 2.000000 0.000000	</row1>
        <row2>	0.000000 0.000000 2.000000	</row2>
        <row3>	-0.000004 0.282749 -0.000011	</row3>
      </transform>
    </node>
  </model>
  <model>
    <name>	content/Hangars/h_newyear/customization/Tableful/Kitchen/normal/lod0/NY20_Kitchen_03_12.model	</name>
    <node>
      <node>	HP_kitchen	</node>
      <object>	FieldKitchen	</object>
      <transform>
        <row0>	0.897446 0.000000 0.441024	</row0>
        <row1>	0.000000 1.000000 0.000000	</row1>
        <row2>	-0.441061 0.000000 0.897521	</row2>
        <row3>	2.465460 0.046545 -0.734292	</row3>
      </transform>
    </node>
  </model>
  <model>
    <name>	content/Hangars/h_newyear/customization/Fir/Top/normal/lod0/Top_04_07_white.model	</name>
    <node>
      <node>	HP_top	</node>
      <object>	ChristmasTree	</object>
      <transform>
        <row0>	2.000000 0.000000 0.000000	</row0>
        <row1>	0.000000 2.000000 0.000000	</row1>
        <row2>	0.000000 0.000000 2.000000	</row2>
        <row3>	-0.000004 0.282749 -0.000011	</row3>
      </transform>
    </node>
  </model>
  <model>
    <name>	content/Hangars/h_newyear/customization/Tableful/Kitchen/normal/lod0/NY21_Kitchen_05_08.model	</name>
    <node>
      <node>	HP_kitchen	</node>
      <object>	FieldKitchen	</object>
      <transform>
        <row0>	0.479667 0.000000 0.877476	</row0>
        <row1>	0.000000 1.000000 0.000000	</row1>
        <row2>	-0.877258 0.000000 0.479971	</row2>
        <row3>	2.114351 0.050096 1.414678	</row3>
      </transform>
    </node>
  </model>
  <model>
    <name>	content/Hangars/h_newyear/customization/Fir/Top/normal/lod0/NY19_Top_05_10.model	</name>
    <node>
      <node>	HP_top	</node>
      <object>	ChristmasTree	</object>
      <transform>
        <row0>	2.000000 0.000000 0.000000	</row0>
        <row1>	0.000000 2.000000 0.000000	</row1>
        <row2>	0.000000 0.000000 2.000000	</row2>
        <row3>	0.000000 0.144039 0.000001	</row3>
      </transform>
    </node>
  </model>
  <model>
    <name>	content/Hangars/h_newyear/customization/Tableful/Kitchen/normal/lod0/NY20_Kitchen_02_08.model	</name>
    <node>
      <node>	HP_kitchen	</node>
      <object>	FieldKitchen	</object>
      <transform>
        <row0>	0.897446 0.000000 0.441024	</row0>
        <row1>	0.000000 1.000000 0.000000	</row1>
        <row2>	-0.441061 0.000000 0.897521	</row2>
        <row3>	2.465460 0.046545 -0.734292	</row3>
      </transform>
    </node>
  </model>
  <model>
    <name>	content/Hangars/h_newyear/customization/Fir/Top/normal/lod0/NY19_Top_03_05.model	</name>
    <node>
      <node>	HP_top	</node>
      <object>	ChristmasTree	</object>
      <transform>
        <row0>	2.000000 0.000000 0.000000	</row0>
        <row1>	0.000000 2.000000 0.000000	</row1>
        <row2>	0.000000 0.000000 2.000000	</row2>
        <row3>	0.000000 0.000000 0.000000	</row3>
      </transform>
    </node>
  </model>
  <model>
    <name>	content/Hangars/h_newyear/customization/Fir/Top/normal/lod0/NY19_Top_04_08.model	</name>
    <node>
      <node>	HP_top	</node>
      <object>	ChristmasTree	</object>
      <transform>
        <row0>	2.000000 0.000000 0.000000	</row0>
        <row1>	0.000000 2.000000 0.000000	</row1>
        <row2>	0.000000 0.000000 2.000000	</row2>
        <row3>	0.098738 -0.009224 -0.000011	</row3>
      </transform>
    </node>
  </model>
  <model>
    <name>	content/Hangars/h_newyear/customization/Fir/Top/normal/lod0/NY19_Top_05_11.model	</name>
    <node>
      <node>	HP_top	</node>
      <object>	ChristmasTree	</object>
      <transform>
        <row0>	2.000000 0.000000 0.000000	</row0>
        <row1>	0.000000 2.000000 0.000000	</row1>
        <row2>	0.000000 0.000000 2.000000	</row2>
        <row3>	0.000000 0.345808 0.000001	</row3>
      </transform>
    </node>
  </model>
  <model>
    <name>	content/Hangars/h_newyear/customization/Tableful/Kitchen/normal/lod0/NY19_Kitchen_02_05.model	</name>
    <node>
      <node>	HP_kitchen	</node>
      <object>	FieldKitchen	</object>
      <transform>
        <row0>	0.866126 0.000000 -0.500046	</row0>
        <row1>	0.000000 1.000000 0.000000	</row1>
        <row2>	0.499938 0.000000 0.865939	</row2>
        <row3>	-0.017939 0.000008 1.172280	</row3>
      </transform>
    </node>
  </model>
  <model>
    <name>	content/Hangars/h_newyear/customization/Tableful/Tent/normal/lod0/NY21_Tent_05_06.model	</name>
    <node>
      <node>	HP_tent	</node>
      <object>	FieldKitchen	</object>
      <transform>
        <row0>	1.000000 0.000000 0.000000	</row0>
        <row1>	0.000000 1.000001 0.000000	</row1>
        <row2>	0.000000 0.000000 1.000001	</row2>
        <row3>	-0.000007 -0.743808 0.000000	</row3>
      </transform>
    </node>
  </model>
  <model>
    <name>	content/Hangars/h_newyear/customization/Tableful/Kitchen/normal/lod0/NY20_Kitchen_01_03.model	</name>
    <node>
      <node>	HP_kitchen	</node>
      <object>	FieldKitchen	</object>
      <transform>
        <row0>	0.845198 0.000000 0.534382	</row0>
        <row1>	0.000000 1.000000 0.000000	</row1>
        <row2>	-0.534424 0.000000 0.845264	</row2>
        <row3>	0.914501 0.045027 -0.335011	</row3>
      </transform>
    </node>
  </model>
  <model>
    <name>	content/Hangars/h_newyear/customization/Fir/Top/normal/lod0/NY19_Top_05_09.model	</name>
    <node>
      <node>	HP_top	</node>
      <object>	ChristmasTree	</object>
      <transform>
        <row0>	2.000000 0.000000 0.000000	</row0>
        <row1>	0.000000 2.000000 0.000000	</row1>
        <row2>	0.000000 0.000000 2.000000	</row2>
        <row3>	0.000000 0.000000 0.000000	</row3>
      </transform>
    </node>
  </model>
  <model>
    <name>	content/Hangars/h_newyear/customization/Fir/Top/normal/lod0/Top_01_28_coin.model	</name>
    <node>
      <node>	HP_top	</node>
      <object>	ChristmasTree	</object>
      <transform>
        <row0>	2.959002 0.000001 0.453906	</row0>
        <row1>	-0.000001 2.993612 0.000000	</row1>
        <row2>	-0.453909 0.000000 2.959002	</row2>
        <row3>	-0.000004 -0.222412 -0.000022	</row3>
      </transform>
    </node>
  </model>
  <model>
    <name>	content/Hangars/h_newyear/customization/Tableful/Kitchen/normal/lod0/NY20_Kitchen_03_11.model	</name>
    <node>
      <node>	HP_kitchen	</node>
      <object>	FieldKitchen	</object>
      <transform>
        <row0>	0.845192 0.000000 0.534378	</row0>
        <row1>	0.000000 1.000000 0.000000	</row1>
        <row2>	-0.534424 0.000000 0.845264	</row2>
        <row3>	0.914501 0.045027 -0.335011	</row3>
      </transform>
    </node>
  </model>
  <model>
    <name>	content/Hangars/h_newyear/customization/Fir/Top/normal/lod0/Top_01_01_blue.model	</name>
    <node>
      <node>	HP_top	</node>
      <object>	ChristmasTree	</object>
      <transform>
        <row0>	2.000000 0.000000 0.000000	</row0>
        <row1>	0.000000 2.000000 0.000000	</row1>
        <row2>	0.000000 0.000000 2.000000	</row2>
        <row3>	-0.000004 0.282749 -0.000011	</row3>
      </transform>
    </node>
  </model>
  <model>
    <name>	content/Hangars/h_newyear/customization/Fir/Top/normal/lod0/NY19_Top_05_13.model	</name>
    <node>
      <node>	HP_top	</node>
      <object>	ChristmasTree	</object>
      <transform>
        <row0>	2.000000 0.000000 0.000000	</row0>
        <row1>	0.000000 2.000000 0.000000	</row1>
        <row2>	0.000000 0.000000 2.000000	</row2>
        <row3>	-0.000001 0.289787 0.000001	</row3>
      </transform>
    </node>
  </model>
  <model>
    <name>	content/Hangars/h_newyear/customization/Fir/Floor/normal/lod0/NY21_Floor_05_02.model	</name>
    <node>
      <node>	HP_ground1	</node>
      <object>	ChristmasTree	</object>
      <transform>
        <row0>	0.688277 0.000000 0.103399	</row0>
        <row1>	0.000000 0.696000 0.000000	</row1>
        <row2>	-0.103404 0.000000 0.688276	</row2>
        <row3>	-0.071330 -0.001319 -0.014552	</row3>
      </transform>
    </node>
    <node>
      <node>	HP_ground2	</node>
      <object>	ChristmasTree	</object>
      <transform>
        <row0>	0.491976 0.006583 -0.491974	</row0>
        <row1>	-0.010908 0.695703 -0.001598	</row1>
        <row2>	0.491901 0.008842 0.492018	</row2>
        <row3>	-0.019677 -0.003254 0.255080	</row3>
      </transform>
    </node>
  </model>
  <model>
    <name>	content/Hangars/h_newyear/customization/Fir/Top/normal/lod0/NY20_Top_05_04.model	</name>
    <node>
      <node>	HP_top	</node>
      <object>	ChristmasTree	</object>
      <transform>
        <row0>	1.999999 0.000000 0.000000	</row0>
        <row1>	0.000000 1.934203 -0.508807	</row1>
        <row2>	0.000000 0.508742 1.934204	</row2>
        <row3>	-0.000001 -0.162918 0.193833	</row3>
      </transform>
    </node>
  </model>
  <model>
    <name>	content/Hangars/h_newyear/customization/Tableful/Kitchen/normal/lod0/NY21_Kitchen_05_03.model	</name>
    <node>
      <node>	HP_kitchen	</node>
      <object>	FieldKitchen	</object>
      <transform>
        <row0>	0.818819 0.000000 0.573980	</row0>
        <row1>	0.000000 1.000000 0.000000	</row1>
        <row2>	-0.573838 0.000000 0.819019	</row2>
        <row3>	1.157173 0.053715 -0.414947	</row3>
      </transform>
    </node>
  </model>
  <model>
    <name>	content/Hangars/h_newyear/customization/Fir/Top/normal/lod0/NY21_Top_05_01.model	</name>
    <node>
      <node>	HP_top	</node>
      <object>	ChristmasTree	</object>
      <transform>
        <row0>	1.337650 0.000000 0.000000	</row0>
        <row1>	0.000000 1.337650 0.000000	</row1>
        <row2>	0.000000 0.000000 1.337650	</row2>
        <row3>	0.000000 0.000000 0.000000	</row3>
      </transform>
    </node>
  </model>
  <model>
    <name>	content/Hangars/h_newyear/customization/Tableful/Kitchen/normal/lod0/NY20_Kitchen_02_07.model	</name>
    <node>
      <node>	HP_kitchen	</node>
      <object>	FieldKitchen	</object>
      <transform>
        <row0>	0.845192 0.000000 0.534378	</row0>
        <row1>	0.000000 1.000000 0.000000	</row1>
        <row2>	-0.534424 0.000000 0.845264	</row2>
        <row3>	0.914501 0.045027 -0.335011	</row3>
      </transform>
    </node>
  </model>
  <model>
    <name>	content/Hangars/h_newyear/customization/Fir/Floor/normal/lod0/NY19_Floor_04_05.model	</name>
    <node>
      <node>	HP_ground1	</node>
      <object>	ChristmasTree	</object>
      <transform>
        <row0>	0.866023 0.000000 -0.499991	</row0>
        <row1>	0.000000 0.999999 0.000000	</row1>
        <row2>	0.500005 0.000000 0.866022	</row2>
        <row3>	0.179787 0.000016 0.219327	</row3>
      </transform>
    </node>
    <node>
      <node>	HP_ground2	</node>
      <object>	ChristmasTree	</object>
      <transform>
        <row0>	0.000003 0.000002 -0.999987	</row0>
        <row1>	0.000000 1.000000 0.000001	</row1>
        <row2>	1.000014 0.000000 -0.000004	</row2>
        <row3>	0.198218 -0.017358 0.097522	</row3>
      </transform>
    </node>
  </model>
  <model>
    <name>	content/Hangars/h_newyear/customization/Fir/Top/normal/lod0/NY21_Top_05_02.model	</name>
    <node>
      <node>	HP_top	</node>
      <object>	ChristmasTree	</object>
      <transform>
        <row0>	1.337650 0.000000 0.000000	</row0>
        <row1>	0.000000 1.337650 0.000000	</row1>
        <row2>	0.000000 0.000000 1.337650	</row2>
        <row3>	0.000000 0.000000 0.000000	</row3>
      </transform>
    </node>
  </model>
  <model>
    <name>	content/Hangars/h_newyear/customization/Fir/Floor/normal/lod0/NY20_Floor_05_00.model	</name>
    <node>
      <node>	HP_ground1	</node>
      <object>	ChristmasTree	</object>
      <transform>
        <row0>	0.000000 -0.000001 0.999985	</row0>
        <row1>	0.000001 0.999999 0.000001	</row1>
        <row2>	-1.000014 0.000002 0.000000	</row2>
        <row3>	-0.165683 -0.000004 -0.053486	</row3>
      </transform>
    </node>
    <node>
      <node>	HP_ground2	</node>
      <object>	ChristmasTree	</object>
      <transform>
        <row0>	0.866024 0.000000 0.499991	</row0>
        <row1>	0.000001 1.000000 0.000000	</row1>
        <row2>	-0.500009 0.000001 0.866027	</row2>
        <row3>	-0.284768 0.000005 0.318096	</row3>
      </transform>
    </node>
  </model>
  <model>
    <name>	content/Hangars/h_newyear/customization/Tableful/Kitchen/normal/lod0/NY19_Kitchen_05_20.model	</name>
    <node>
      <node>	HP_kitchen	</node>
      <object>	FieldKitchen	</object>
      <transform>
        <row0>	0.866126 0.000000 -0.500046	</row0>
        <row1>	0.000000 1.000000 0.000000	</row1>
        <row2>	0.499938 0.000000 0.865939	</row2>
        <row3>	-0.448370 0.082749 -0.393959	</row3>
      </transform>
    </node>
  </model>
  <model>
    <name>	content/Hangars/h_newyear/customization/Tableful/Kitchen/normal/lod0/NY21_Kitchen_05_01.model	</name>
    <node>
      <node>	HP_kitchen	</node>
      <object>	FieldKitchen	</object>
      <transform>
        <row0>	0.895608 0.000000 0.444744	</row0>
        <row1>	0.000000 1.000000 0.000000	</row1>
        <row2>	-0.444633 0.000000 0.895762	</row2>
        <row3>	1.267744 -0.000002 -0.231567	</row3>
      </transform>
    </node>
  </model>
  <model>
    <name>	content/Hangars/h_newyear/customization/Fir/Top/normal/lod0/NY21_Top_05_03.model	</name>
    <node>
      <node>	HP_top	</node>
      <object>	ChristmasTree	</object>
      <transform>
        <row0>	-0.366744 0.000003 -1.898011	</row0>
        <row1>	0.000001 1.933120 0.000003	</row1>
        <row2>	1.898013 -0.000001 -0.366745	</row2>
        <row3>	-0.140774 -1.295731 -0.044960	</row3>
      </transform>
    </node>
  </model>
  <model>
    <name>	content/Hangars/h_newyear/customization/Tableful/Table/normal/lod0/NY19_Table_03_10.model	</name>
    <node>
      <node>	HP_table	</node>
      <object>	FieldKitchen	</object>
      <transform>
        <row0>	1.000000 0.000000 0.000000	</row0>
        <row1>	0.000000 1.000000 0.000000	</row1>
        <row2>	0.000000 0.000000 1.000000	</row2>
        <row3>	0.000000 0.013217 0.025294	</row3>
      </transform>
    </node>
  </model>
  <model>
    <name>	content/Hangars/h_newyear/customization/Fir/Top/normal/lod0/Top_01_01_red.model	</name>
    <node>
      <node>	HP_top	</node>
      <object>	ChristmasTree	</object>
      <transform>
        <row0>	2.000000 0.000000 0.000000	</row0>
        <row1>	0.000000 2.000000 0.000000	</row1>
        <row2>	0.000000 0.000000 2.000000	</row2>
        <row3>	-0.000004 0.282749 -0.000011	</row3>
      </transform>
    </node>
  </model>
  <model>
    <name>	content/Hangars/h_newyear/customization/Tableful/Kitchen/normal/lod0/NY19_Kitchen_01_01.model	</name>
    <node>
      <node>	HP_kitchen	</node>
      <object>	FieldKitchen	</object>
      <transform>
        <row0>	0.606675 0.000000 -0.795151	</row0>
        <row1>	0.000000 1.000000 0.000000	</row1>
        <row2>	0.794895 0.000000 0.606480	</row2>
        <row3>	-0.670576 0.000000 0.623704	</row3>
      </transform>
    </node>
  </model>
  <model>
    <name>	content/Hangars/h_newyear/customization/Tableful/Table/normal/lod0/NY19_Table_05_20.model	</name>
    <node>
      <node>	HP_table	</node>
      <object>	FieldKitchen	</object>
      <transform>
        <row0>	1.000000 0.000000 0.000000	</row0>
        <row1>	0.000000 1.000000 0.000000	</row1>
        <row2>	0.000000 0.000000 1.000000	</row2>
        <row3>	0.000001 0.019197 0.024967	</row3>
      </transform>
    </node>
  </model>
  <model>
    <name>	content/Hangars/h_newyear/customization/Tableful/Kitchen/normal/lod0/NY19_Kitchen_01_02.model	</name>
    <node>
      <node>	HP_kitchen	</node>
      <object>	FieldKitchen	</object>
      <transform>
        <row0>	1.000000 0.000000 0.000000	</row0>
        <row1>	0.000000 1.000000 0.000000	</row1>
        <row2>	0.000000 0.000000 1.000000	</row2>
        <row3>	-0.606068 0.000001 0.371778	</row3>
      </transform>
    </node>
  </model>
  <model>
    <name>	content/Hangars/h_newyear/customization/Fir/Top/normal/lod0/NY21_Top_05_05.model	</name>
    <node>
      <node>	HP_top	</node>
      <object>	ChristmasTree	</object>
      <transform>
        <row0>	0.342028 0.600397 1.331352	</row0>
        <row1>	-0.201701 1.373700 -0.567707	</row1>
        <row2>	-1.446495 -0.049569 0.393963	</row2>
        <row3>	0.176909 -0.464512 -0.199566	</row3>
      </transform>
    </node>
  </model>
  <model>
    <name>	content/Hangars/h_newyear/customization/Tableful/Kitchen/normal/lod0/NY21_Kitchen_05_07.model	</name>
    <node>
      <node>	HP_kitchen	</node>
      <object>	FieldKitchen	</object>
      <transform>
        <row0>	0.930060 0.000000 0.367294	</row0>
        <row1>	0.000000 1.000000 0.000000	</row1>
        <row2>	-0.367203 0.000000 0.930187	</row2>
        <row3>	1.293226 -0.032032 -0.389013	</row3>
      </transform>
    </node>
  </model>
  <model>
    <name>	content/Hangars/h_newyear/customization/Fir/Floor/normal/lod0/NY19_Floor_03_02.model	</name>
    <node>
      <node>	HP_ground1	</node>
      <object>	ChristmasTree	</object>
      <transform>
        <row0>	0.965926 0.000001 -0.258816	</row0>
        <row1>	-0.000001 0.999999 0.000000	</row1>
        <row2>	0.258822 0.000000 0.965926	</row2>
        <row3>	0.084838 -0.000003 -0.054423	</row3>
      </transform>
    </node>
    <node>
      <node>	HP_ground2	</node>
      <object>	ChristmasTree	</object>
      <transform>
        <row0>	1.000001 0.000000 -0.000002	</row0>
        <row1>	0.000000 1.000000 0.000000	</row1>
        <row2>	-0.000002 0.000000 1.000000	</row2>
        <row3>	-0.076354 0.000003 0.115303	</row3>
      </transform>
    </node>
  </model>
  <model>
    <name>	content/Hangars/h_newyear/customization/Tableful/Kitchen/normal/lod0/NY19_Kitchen_04_15.model	</name>
    <node>
      <node>	HP_kitchen	</node>
      <object>	FieldKitchen	</object>
      <transform>
        <row0>	0.606675 0.000000 -0.795151	</row0>
        <row1>	0.000000 1.000000 0.000000	</row1>
        <row2>	0.794895 0.000000 0.606480	</row2>
        <row3>	-1.310510 -0.000001 -0.563271	</row3>
      </transform>
    </node>
  </model>
  <model>
    <name>	content/Hangars/h_newyear/customization/Tableful/Table/normal/lod0/NY21_Table_05_06.model	</name>
    <node>
      <node>	HP_table	</node>
      <object>	FieldKitchen	</object>
      <transform>
        <row0>	1.000000 0.000000 0.000000	</row0>
        <row1>	0.000000 1.000000 0.000000	</row1>
        <row2>	0.000000 0.000000 1.000000	</row2>
        <row3>	0.000000 0.012998 0.017783	</row3>
      </transform>
    </node>
  </model>
  <model>
    <name>	content/Hangars/h_newyear/customization/Tableful/Kitchen/normal/lod0/NY21_Kitchen_05_02.model	</name>
    <node>
      <node>	HP_kitchen	</node>
      <object>	FieldKitchen	</object>
      <transform>
        <row0>	0.743114 0.000000 0.669119	</row0>
        <row1>	0.000000 1.000000 -0.000001	</row1>
        <row2>	-0.668953 0.000000 0.743346	</row2>
        <row3>	0.992910 -0.000004 -0.444969	</row3>
      </transform>
    </node>
  </model>
  <model>
    <name>	content/Hangars/h_newyear/customization/Tableful/Kitchen/normal/lod0/NY20_Kitchen_05_21.model	</name>
    <node>
      <node>	HP_kitchen	</node>
      <object>	FieldKitchen	</object>
      <transform>
        <row0>	0.897373 0.000000 0.441173	</row0>
        <row1>	0.000000 1.000000 0.000000	</row1>
        <row2>	-0.441063 0.000000 0.897525	</row2>
        <row3>	2.465464 0.046545 -0.734292	</row3>
      </transform>
    </node>
  </model>
  <model>
    <name>	content/Hangars/h_newyear/customization/Tableful/Table/normal/lod0/NY21_Table_05_01.model	</name>
    <node>
      <node>	HP_table	</node>
      <object>	FieldKitchen	</object>
      <transform>
        <row0>	1.000000 0.000000 0.000000	</row0>
        <row1>	0.000000 1.000001 0.000000	</row1>
        <row2>	0.000000 0.000000 1.000000	</row2>
        <row3>	-0.002448 0.021317 0.014930	</row3>
      </transform>
    </node>
  </model>
  <model>
    <name>	content/Hangars/h_newyear/customization/Fir/Floor/normal/lod0/NY21_Floor_05_01.model	</name>
    <node>
      <node>	HP_ground1	</node>
      <object>	ChristmasTree	</object>
      <transform>
        <row0>	0.706780 0.015786 0.707247	</row0>
        <row1>	-0.030475 0.999503 0.008145	</row1>
        <row2>	-0.706788 -0.027308 0.706910	</row2>
        <row3>	0.163264 0.024601 -0.143941	</row3>
      </transform>
    </node>
    <node>
      <node>	HP_ground2	</node>
      <object>	ChristmasTree	</object>
      <transform>
        <row0>	0.499981 0.008847 -0.865983	</row0>
        <row1>	-0.015852 0.999874 0.001063	</row1>
        <row2>	0.865902 0.013194 0.500058	</row2>
        <row3>	-0.129642 -0.009569 0.105305	</row3>
      </transform>
    </node>
  </model>
  <model>
    <name>	content/Hangars/h_newyear/customization/Tableful/Kitchen/normal/lod0/NY21_Kitchen_05_04.model	</name>
    <node>
      <node>	HP_kitchen	</node>
      <object>	FieldKitchen	</object>
      <transform>
        <row0>	0.999630 0.000000 0.027013	</row0>
        <row1>	0.000000 1.000000 0.000000	</row1>
        <row2>	-0.027006 0.000000 0.999640	</row2>
        <row3>	0.184341 0.070976 -0.656424	</row3>
      </transform>
    </node>
  </model>
  <model>
    <name>	content/Hangars/h_newyear/customization/Fir/Top/normal/lod0/NY21_Top_05_06.model	</name>
    <node>
      <node>	HP_top	</node>
      <object>	ChristmasTree	</object>
      <transform>
        <row0>	1.300000 0.000000 0.000000	</row0>
        <row1>	0.000000 1.300000 0.000000	</row1>
        <row2>	0.000000 0.000000 1.300000	</row2>
        <row3>	0.000000 0.000002 0.000000	</row3>
      </transform>
    </node>
  </model>
  <model>
    <name>	content/Hangars/h_newyear/customization/Fir/Top/normal/lod0/NY21_Top_05_04.model	</name>
    <node>
      <node>	HP_top	</node>
      <object>	ChristmasTree	</object>
      <transform>
        <row0>	1.337650 0.000000 0.000000	</row0>
        <row1>	0.000000 1.337650 0.000000	</row1>
        <row2>	0.000000 0.000000 1.337650	</row2>
        <row3>	0.000000 0.000000 0.000000	</row3>
      </transform>
    </node>
  </model>
  <model>
    <name>	content/Hangars/h_newyear/customization/Tableful/Kitchen/normal/lod0/NY21_Kitchen_05_06.model	</name>
    <node>
      <node>	HP_kitchen	</node>
      <object>	FieldKitchen	</object>
      <transform>
        <row0>	0.474035 0.000000 0.880533	</row0>
        <row1>	0.000000 1.000000 0.000000	</row1>
        <row2>	-0.880314 0.000000 0.474340	</row2>
        <row3>	0.605879 -0.000003 0.376904	</row3>
      </transform>
    </node>
  </model>
  <model>
    <name>	content/Hangars/h_newyear/customization/Fir/Floor/normal/lod0/NY21_Floor_05_04.model	</name>
    <node>
      <node>	HP_ground1	</node>
      <object>	ChristmasTree	</object>
      <transform>
        <row0>	0.810432 0.000000 -0.217152	</row0>
        <row1>	0.000000 0.839022 0.000000	</row1>
        <row2>	0.217158 0.000000 0.810433	</row2>
        <row3>	0.052124 0.000006 0.566191	</row3>
      </transform>
    </node>
    <node>
      <node>	HP_ground2	</node>
      <object>	ChristmasTree	</object>
      <transform>
        <row0>	0.605322 0.000000 -0.501081	</row0>
        <row1>	0.000000 0.785813 0.000001	</row1>
        <row2>	0.501094 0.000000 0.605318	</row2>
        <row3>	0.254076 -0.007619 0.539175	</row3>
      </transform>
    </node>
  </model>
  <model>
    <name>	content/Hangars/h_newyear/customization/Fir/Floor/normal/lod0/NY21_Floor_05_05.model	</name>
    <node>
      <node>	HP_ground1	</node>
      <object>	ChristmasTree	</object>
      <transform>
        <row0>	0.866025 0.000001 -0.499993	</row0>
        <row1>	-0.000001 1.000000 0.000000	</row1>
        <row2>	0.500007 0.000000 0.866026	</row2>
        <row3>	0.013767 0.000000 -0.008752	</row3>
      </transform>
    </node>
    <node>
      <node>	HP_ground2	</node>
      <object>	ChristmasTree	</object>
      <transform>
        <row0>	-0.031908 0.022420 -0.999226	</row0>
        <row1>	-0.036516 0.999055 0.023585	</row1>
        <row2>	0.998837 0.037236 -0.031067	</row2>
        <row3>	-0.075404 -0.001948 0.089371	</row3>
      </transform>
    </node>
  </model>
  <model>
    <name>	content/Hangars/h_newyear/customization/Fir/Floor/normal/lod0/NY21_Floor_05_08.model	</name>
    <node>
      <node>	HP_ground1	</node>
      <object>	ChristmasTree	</object>
      <transform>
        <row0>	-1.000000 0.000000 0.000000	</row0>
        <row1>	0.000000 1.000000 0.000002	</row1>
        <row2>	0.000000 0.000002 -1.000000	</row2>
        <row3>	0.039433 0.000001 -0.093594	</row3>
      </transform>
    </node>
    <node>
      <node>	HP_ground2	</node>
      <object>	ChristmasTree	</object>
      <transform>
        <row0>	-0.992353 0.000001 0.123438	</row0>
        <row1>	0.000001 1.000000 0.000001	</row1>
        <row2>	-0.123441 0.000001 -0.992352	</row2>
        <row3>	-0.129405 0.003242 0.200183	</row3>
      </transform>
    </node>
  </model>
  <model>
    <name>	content/Hangars/h_newyear/customization/Fir/Floor/normal/lod0/NY21_Floor_05_09.model	</name>
    <node>
      <node>	HP_ground1	</node>
      <object>	ChristmasTree	</object>
      <transform>
        <row0>	1.000000 0.000000 0.000000	</row0>
        <row1>	0.000000 1.000000 0.000000	</row1>
        <row2>	0.000000 0.000000 1.000000	</row2>
        <row3>	-0.010864 0.000000 -0.180547	</row3>
      </transform>
    </node>
    <node>
      <node>	HP_ground2	</node>
      <object>	ChristmasTree	</object>
      <transform>
        <row0>	0.714568 0.072954 -0.695746	</row0>
        <row1>	-0.052281 0.997336 0.050896	</row1>
        <row2>	0.697622 0.000006 0.716473	</row2>
        <row3>	-0.050098 0.002793 0.157969	</row3>
      </transform>
    </node>
  </model>
  <model>
    <name>	content/Hangars/h_newyear/customization/Tableful/Kitchen/normal/lod0/NY20_Kitchen_01_04.model	</name>
    <node>
      <node>	HP_kitchen	</node>
      <object>	FieldKitchen	</object>
      <transform>
        <row0>	0.787325 0.000000 0.616480	</row0>
        <row1>	0.000000 1.000000 0.000000	</row1>
        <row2>	-0.616358 0.000000 0.787512	</row2>
        <row3>	2.633058 0.104153 -0.452958	</row3>
      </transform>
    </node>
  </model>
  <model>
    <name>	content/Hangars/h_newyear/customization/Tableful/Tent/normal/lod0/NY21_Tent_05_01.model	</name>
    <node>
      <node>	HP_tent	</node>
      <object>	FieldKitchen	</object>
      <transform>
        <row0>	1.000000 0.000000 0.000000	</row0>
        <row1>	0.000000 1.000000 0.000000	</row1>
        <row2>	0.000000 0.000000 1.000000	</row2>
        <row3>	-0.000002 -0.086638 0.000000	</row3>
      </transform>
    </node>
  </model>
  <model>
    <name>	content/Hangars/h_newyear/customization/Fir/Top/normal/lod0/NY21_Top_05_08.model	</name>
    <node>
      <node>	HP_top	</node>
      <object>	ChristmasTree	</object>
      <transform>
        <row0>	1.500000 0.000000 0.000000	</row0>
        <row1>	0.000000 1.500000 0.000000	</row1>
        <row2>	0.000000 0.000000 1.500000	</row2>
        <row3>	-0.000005 -0.349873 -0.000011	</row3>
      </transform>
    </node>
  </model>
  <model>
    <name>	content/Hangars/h_newyear/customization/Tableful/Kitchen/normal/lod0/NY19_Kitchen_05_21.model	</name>
    <node>
      <node>	HP_kitchen	</node>
      <object>	FieldKitchen	</object>
      <transform>
        <row0>	1.000000 0.000000 0.000000	</row0>
        <row1>	0.000000 1.000000 0.000000	</row1>
        <row2>	0.000000 0.000000 1.000000	</row2>
        <row3>	-0.606068 0.000001 0.371778	</row3>
      </transform>
    </node>
  </model>
  <model>
    <name>	content/Hangars/h_newyear/customization/Tableful/Kitchen/normal/lod0/NY19_Kitchen_04_17.model	</name>
    <node>
      <node>	HP_kitchen	</node>
      <object>	FieldKitchen	</object>
      <transform>
        <row0>	1.000000 0.000000 0.000000	</row0>
        <row1>	0.000000 1.000000 0.000000	</row1>
        <row2>	0.000000 0.000000 1.000000	</row2>
        <row3>	-0.606068 0.000001 0.371778	</row3>
      </transform>
    </node>
  </model>
  <model>
    <name>	content/Hangars/h_newyear/customization/Tableful/Kitchen/normal/lod0/NY19_Kitchen_02_06.model	</name>
    <node>
      <node>	HP_kitchen	</node>
      <object>	FieldKitchen	</object>
      <transform>
        <row0>	1.000000 0.000000 0.000000	</row0>
        <row1>	0.000000 1.000000 0.000000	</row1>
        <row2>	0.000000 0.000000 1.000000	</row2>
        <row3>	-0.606068 0.000001 0.371778	</row3>
      </transform>
    </node>
  </model>
  <model>
    <name>	content/Hangars/h_newyear/customization/Tableful/Table/normal/lod0/NY19_Table_05_21.model	</name>
    <node>
      <node>	HP_table	</node>
      <object>	FieldKitchen	</object>
      <transform>
        <row0>	1.000000 0.000000 0.000000	</row0>
        <row1>	0.000000 1.000000 0.000000	</row1>
        <row2>	0.000000 0.000000 1.000000	</row2>
        <row3>	0.000000 0.019387 0.013848	</row3>
      </transform>
    </node>
  </model>
  <model>
    <name>	content/Hangars/h_newyear/customization/Tableful/Megatableful/normal/lod0/NY21_Megatableful_01.model	</name>
    <node>
      <node>	HP_mega_tableful2	</node>
      <object>	FieldKitchen	</object>
      <transform>
        <row0>	1.000000 0.000000 0.000000	</row0>
        <row1>	0.000000 1.000000 0.000000	</row1>
        <row2>	0.000000 0.000000 1.000000	</row2>
        <row3>	0.000000 0.000000 0.000000	</row3>
      </transform>
      <modelOverride>	content/Hangars/h_newyear/customization/Tableful/Megatableful/normal/lod0/NY21_Megatableful_04.model	</modelOverride>
      <hangingAnimationSequence></hangingAnimationSequence>
      <hangingAnimationSequenceFwd></hangingAnimationSequenceFwd>
      <animationSequence></animationSequence>
      <animationSequenceFwd></animationSequenceFwd>
    </node>
    <node>
      <node>	HP_mega_tableful3	</node>
      <object>	FieldKitchen	</object>
      <transform>
        <row0>	1.000000 0.000000 0.000000	</row0>
        <row1>	0.000000 1.000000 0.000000	</row1>
        <row2>	0.000000 0.000000 1.000000	</row2>
        <row3>	0.000000 0.000000 0.000000	</row3>
      </transform>
      <modelOverride>	content/Hangars/h_newyear/customization/Tableful/Megatableful/normal/lod0/NY21_Megatableful_01.model	</modelOverride>
      <hangingAnimationSequence></hangingAnimationSequence>
      <hangingAnimationSequenceFwd></hangingAnimationSequenceFwd>
      <animationSequence></animationSequence>
      <animationSequenceFwd></animationSequenceFwd>
    </node>
    <node>
      <node>	HP_mega_tableful4	</node>
      <object>	FieldKitchen	</object>
      <transform>
        <row0>	1.000000 0.000000 0.000000	</row0>
        <row1>	0.000000 1.000000 0.000000	</row1>
        <row2>	0.000000 0.000000 1.000000	</row2>
