<profile_camera_transforms.xml>
  <cameras>
    <camera>
      <transform>
        <row0>	0.999746 0.007468 0.024764	</row0>
        <row1>	0.000000 0.957512 -0.288746	</row1>
        <row2>	-0.025866 0.288637 0.957154	</row2>
        <row3>	-25.774609 77.578697 283.607086	</row3>
      </transform>
    </camera>
    <camera>
      <transform>
        <row0>	-0.997188 0.015401 0.074491	</row0>
        <row1>	0.000000 0.979419 -0.202494	</row1>
        <row2>	-0.076067 -0.201890 -0.976477	</row2>
        <row3>	23.341578 57.403374 347.156311	</row3>
      </transform>
    </camera>
    <camera>
      <transform>
        <row0>	-0.937748 -0.124710 -0.324350	</row0>
        <row1>	-0.000001 0.933510 -0.358900	</row1>
        <row2>	0.347501 -0.336536 -0.875270	</row2>
        <row3>	158.638428 -141.133545 -338.995911	</row3>
      </transform>
    </camera>
    <camera>
      <transform>
        <row0>	0.998312 0.015586 0.057025	</row0>
        <row1>	-0.000001 0.964740 -0.263679	</row1>
        <row2>	-0.059117 0.263217 0.962985	</row2>
        <row3>	81.290359 0.925010 66.473900	</row3>
      </transform>
    </camera>
    <camera>
      <transform>
        <row0>	0.743925 0.223853 0.629756	</row0>
        <row1>	-0.000001 0.942357 -0.334964	</row1>
        <row2>	-0.668369 0.249160 0.700945	</row2>
        <row3>	124.075684 33.605862 111.835052	</row3>
      </transform>
    </camera>
    <camera>
      <transform>
        <row0>	0.659265 -0.278841 0.698378	</row0>
        <row1>	0.000000 0.928820 0.370876	</row1>
        <row2>	-0.751979 -0.244463 0.612278	</row2>
        <row3>	102.184860 -54.818810 112.279152	</row3>
      </transform>
    </camera>
    <camera>
      <transform>
        <row0>	0.991930 0.004159 0.127326	</row0>
        <row1>	0.000000 0.999546 -0.032649	</row1>
        <row2>	-0.127393 0.032384 0.991411	</row2>
        <row3>	-4.804508 -16.846943 103.447357	</row3>
      </transform>
    </camera>
    <camera>
      <transform>
        <row0>	-0.977038 -0.209084 0.042243	</row0>
        <row1>	-0.000001 0.198036 0.980326	</row1>
        <row2>	-0.213310 0.957699 -0.193493	</row2>
        <row3>	-93.579803 19.374205 -67.888748	</row3>
      </transform>
    </camera>
    <camera>
      <transform>
        <row0>	0.777517 0.032230 0.628094	</row0>
        <row1>	0.000000 0.998733 -0.051249	</row1>
        <row2>	-0.628917 0.039846 0.776499	</row2>
        <row3>	-84.241737 7.012014 167.745865	</row3>
      </transform>
    </camera>
    <camera>
      <transform>
        <row0>	0.412031 0.589736 0.694667	</row0>
        <row1>	0.000000 0.762416 -0.647253	</row1>
        <row2>	-0.911258 0.266653 0.314098	</row2>
        <row3>	35.441818 166.141052 189.498291	</row3>
      </transform>
    </camera>
    <camera>
      <transform>
        <row0>	-0.861780 -0.133729 -0.489491	</row0>
        <row1>	0.000000 0.964753 -0.263570	</row1>
        <row2>	0.507442 -0.227108 -0.831292	</row2>
        <row3>	-161.402069 -42.533775 -170.621704	</row3>
      </transform>
    </camera>
    <camera>
      <transform>
        <row0>	-0.771859 0.030905 0.635141	</row0>
        <row1>	0.000000 0.998934 -0.048606	</row1>
        <row2>	-0.635907 -0.037512 -0.770938	</row2>
        <row3>	276.147369 -6.961996 -32.921432	</row3>
      </transform>
    </camera>
    <camera>
      <transform>
        <row0>	0.753408 0.076938 0.653155	</row0>
        <row1>	0.000000 0.993220 -0.116996	</row1>
        <row2>	-0.657672 0.088138 0.748238	</row2>
        <row3>	-82.095406 28.632378 278.009003	</row3>
      </transform>
    </camera>
    <camera>
      <transform>
        <row0>	-0.926989 -0.113772 -0.357640	</row0>
        <row1>	0.000000 0.953048 -0.303177	</row1>
        <row2>	0.375308 -0.281008 -0.883341	</row2>
        <row3>	-56.666992 -27.459009 -22.099459	</row3>
      </transform>
    </camera>
    <camera>
      <transform>
        <row0>	-0.759197 0.094367 -0.644089	</row0>
        <row1>	0.000001 0.989552 0.144987	</row1>
        <row2>	0.650980 0.110053 -0.751152	</row2>
        <row3>	-121.872780 -5.626497 -34.904583	</row3>
      </transform>
    </camera>
  </cameras>
</profile_camera_transforms.xml>
